(1.9755958766483623, 1.9755958765745163, 0.24999999995703318, 0.24999999995703318, 0.2500000000429669, 0.2500000000429669)
[(0.5218420870016527, 0.0), (0.5218277855589954, 0.008972112968301105), (0.5217587886799808, 0.01795087032918039), (0.5216465133354999, 0.02686421442632922), (0.5214915484399493, 0.03575244017220578), (0.521291601348331, 0.04465129698510002), (0.5210399754990003, 0.053536004000335854), (0.5207492084509712, 0.062438370968469305), (0.5204116446014807, 0.07133649947665453), (0.5200353190202829, 0.0802027307984036), (0.5196008144537376, 0.08936584950206217), (0.519126355917844, 0.09820911319194305), (0.518605476321263, 0.10713736721865053), (0.5180416289161992, 0.1159731755445259), (0.5174399518948313, 0.12477850901545663), (0.5168028103272916, 0.1335154637131328), (0.5161180770938779, 0.14229422308863773), (0.5152629379594009, 0.15233612197244642), (0.5143571088735479, 0.1623852712902049), (0.5133966573980273, 0.1724909797659349), (0.512384005683076, 0.18248415571000726), (0.5113072175026963, 0.19260979064301226), (0.5101839845992076, 0.2026708254282071), (0.5089972291296768, 0.2127885973460254), (0.5077353600286454, 0.22303669532207338), (0.5064777915878718, 0.2327425878310923), (0.5051359653793323, 0.2425716884165017), (0.5037743210196783, 0.2521875718264443), (0.5023396474989846, 0.261874238671082), (0.500788847125655, 0.27200427094692164), (0.49919419592432906, 0.28209647224186063), (0.4975539574855463, 0.2921423291940614), (0.49582377082151313, 0.30237528594617263), (0.4942111602205458, 0.3115580215241446), (0.4925658882684968, 0.32069255911801325), (0.4908714026488481, 0.3297958445817723), (0.4891091118810734, 0.33901870379283267), (0.48726252825564964, 0.34837504896027205), (0.48539006182983285, 0.3576219335943552), (0.4834681685492419, 0.3668256254996081), (0.4814637612993522, 0.37620216591150246), (0.47914942053459764, 0.38681673527254257), (0.47674357915617516, 0.397468563728337), (0.47428866436633027, 0.40810287553007346), (0.4717586451832747, 0.4187619501333654), (0.46917491752837603, 0.42928024525551883), (0.46648343489384786, 0.4400125631175177), (0.46377724852662616, 0.45049738930601463), (0.4610059612146492, 0.4610059612146492)]


(1.9756040431255557, 1.9756040200591087, 0.250000000759382, 0.250000000759382, 0.2499999992406178, 0.2499999992406178)
area penalty: 10000000000
25 points
[(0.5219411455635722, 0.0), (0.5218535175840845, 0.017998829982567854), (0.5215784960082316, 0.036127852560102695), (0.5211177720066118, 0.05419792712741195), (0.5204678870036419, 0.07243936858162064), (0.5195693021186996, 0.09189450233945502), (0.5184527654711414, 0.11125673476325904), (0.5170971394064071, 0.1307532720724165), (0.5155366819041053, 0.15017782871219637), (0.5138840917763912, 0.16808181845107142), (0.5120433024860449, 0.18615774152555994), (0.5099081489713934, 0.205071742325812), (0.5075964688596745, 0.2237532004316347), (0.504978365492525, 0.24326843511477889), (0.5021665374292195, 0.2625768735158504), (0.4992696461472821, 0.28118476928002584), (0.49618750191952427, 0.2997379952902005), (0.4929271509085982, 0.31822308347595923), (0.4894495284811293, 0.3367708120589247), (0.48581869433033303, 0.35516004787156463), (0.4820087657864569, 0.37351647063914367), (0.4771436617758096, 0.39567336920985346), (0.47203311404103415, 0.41762993957514394), (0.466643397256227, 0.43950074088942054), (0.4610353442065886, 0.4610353442065886)]



(1.9756277651523722, 1.9756277650594711, 0.2499999999518074, 0.2499999999518074, 0.25000000004819256, 0.25000000004819256)
area penalty: 10000000000
49 points
[(0.5230854422406648, 0.0), (0.5230524272725325, 0.009178245737650682), (0.5229545271879062, 0.018366234296751452), (0.5228239043382384, 0.02755661890699185), (0.5226346148299519, 0.03673333033847968), (0.5224056952353454, 0.04551249663365632), (0.5221290610797121, 0.05431530137581577), (0.5218015029312535, 0.06310271104172376), (0.5214244846063889, 0.0718586695371985), (0.520957703742843, 0.0815256350476299), (0.5204348834162864, 0.09111001612256861), (0.5198546469666844, 0.10074124146206838), (0.519215374883868, 0.11042836152104582), (0.5185591347448375, 0.11967395038448096), (0.5178452243755971, 0.12896782482987165), (0.5170784501495947, 0.13827293872134294), (0.5162656971125064, 0.14756082196565298), (0.5154083804025649, 0.1568130115803381), (0.5145014997660047, 0.16603046504054864), (0.5135300434217227, 0.1753121370457495), (0.5125221770159755, 0.18452559712935793), (0.5114222907178608, 0.19410110576387446), (0.5102595007493643, 0.20370581552876232), (0.5090531164663065, 0.213255020650882), (0.5077936922127522, 0.22280274955242962), (0.5065437298964165, 0.23195683154815008), (0.5052372994794978, 0.24109090015443527), (0.5038894079941264, 0.25022439261522855), (0.5025002938078891, 0.2593522860232402), (0.5010440964301034, 0.2685768314449597), (0.49955288552515525, 0.2777388549452817), (0.4980043558131284, 0.28692631814695924), (0.4964150995232553, 0.29611882377508425), (0.494556367698767, 0.3065111242832707), (0.49263625499976804, 0.3168924329089896), (0.490655163861663, 0.32727393245650155), (0.4886241764935869, 0.33762344779909614), (0.48652014020730744, 0.3480019817858228), (0.48436365780589685, 0.35834745327544726), (0.4821532868681108, 0.36871564746245633), (0.47989518489595706, 0.3790500972800445), (0.4776652819067658, 0.38893788255305145), (0.4753845800680079, 0.3987820875184216), (0.47306320373039235, 0.4085836235088301), (0.4706783534279329, 0.4184327359932042), (0.46809734341433096, 0.42888169379314606), (0.46546717993967696, 0.4392747682338326), (0.46276893882439196, 0.4496889131167976), (0.46003161298787965, 0.46003161298787965)]




(1.975595809519291, 1.975595809519291, 0.24999999999997544, 0.24999999999997544, 0.25000000000002476, 0.25000000000002476)
area penalty: 10000000000
49 points
[(0.5218420474908216, 0.0), (0.5218275327447004, 0.00897247052471134), (0.5217586831047495, 0.017950433258809753), (0.5216463353225416, 0.026864199857383735), (0.5214915590646519, 0.03575230400097134), (0.5212913195959596, 0.04465102916553483), (0.5210399056106595, 0.053535962725398754), (0.5207492575814839, 0.062438139116591546), (0.5204114869703174, 0.07133637195781008), (0.5200355287063358, 0.08020274047079425), (0.5196007800833624, 0.08936649243071747), (0.5191259015691034, 0.09820854221492796), (0.5186054133329656, 0.1071376027638102), (0.5180420825484222, 0.11597323979383105), (0.5174401624107501, 0.12477871254507551), (0.5168028613156669, 0.1335154790810992), (0.5161173102555479, 0.14229467117051317), (0.5152629712823763, 0.1523360206837114), (0.5143574717240978, 0.16238559048216278), (0.5133965847044396, 0.1724910290060434), (0.5123837853430446, 0.1824839666234244), (0.5113073982689569, 0.19260972531484918), (0.5101838879807972, 0.20267105739542704), (0.5089971915956811, 0.2127884725880221), (0.5077354074332255, 0.22303648323476166), (0.5064772997059829, 0.23274293946694702), (0.505135968407049, 0.2425720672408397), (0.5037744909162654, 0.25218755929500775), (0.502340183478718, 0.26187453857680526), (0.500789204001839, 0.272004056990892), (0.49919437872278605, 0.2820967459020566), (0.49755340494065897, 0.2921422920633047), (0.49582368341361727, 0.30237516359783323), (0.49421112885615637, 0.3115582643980614), (0.4925655065038384, 0.3206927992596466), (0.4908711492757497, 0.32979630941907917), (0.4891089752511264, 0.3390183222085125), (0.4872631520227969, 0.3483747130857823), (0.4853899983559906, 0.3576223959140362), (0.48346797983189377, 0.36682591159199557), (0.4814634844759115, 0.3762025640141872), (0.47914968818342946, 0.3868165904966582), (0.47674398195233264, 0.39746890356478165), (0.47428913546462825, 0.40810241221043575), (0.47175827476623466, 0.41876210891233506), (0.46917505098071083, 0.4292805449725414), (0.4664836788790888, 0.4400124878192158), (0.463777414519755, 0.45049725750310804), (0.4610057233571947, 0.4610057233571947)]
